
coefficients <- c(0.7153049700423447, 0.7153049700423447, 0.7153049700423447, 0.7153049700423447, 0.7153049700423447, 0.7153049700423447, 0.7153049700423447, 0.7153049700423447, 0.7153049700423447, 
                  0.7153049700423447, 0.7153049700423447, 0.7153049700423447, 0.7153049700423447, 0.7153049700423447, 0.7153049700423447, 0.7153049700423447, 0.7153049700423447, 0.7153049700423447, 
                  0.7153049700423447, 0.7153049700423447, 0.7153049700423447, 0.7153049700423447, 0.7153049700423447, 0.7153049700423447, 0.813389956740874, 0.7153049700423447, 0.7153049700423447, 
                  0.7153049700423447, 0.7153049700423447, 0.7153049700423447, 0.7153049700423447, 0.7153049700423447, 0.7153049700423447, 0.7153049700423447, 0.7153049700423447, 0.7153049700423447, 
                  0.7153049700423447, 0.7153049700423447, 0.7153049700423447, 0.7153049700423447, 0.7153049700423447, 0.7153049700423447, 0.7153049700423447, 0.7153049700423447, 0.7153049700423447, 
                  0.7153049700423447, 0.7153049700423447, 0.7153049700423447, 0.7153049700423447, 0.7153049700423447, 0.7153049700423447, 0.7153049700423447, 0.7153049700423447, 0.7153049700423447, 
                  0.7153049700423447, 0.7153049700423447, 0.7153049700423447, 0.7153049700423447, 0.7153049700423447, 0.7153049700423447, 0.3697120784521117, 0.3697120784521117, 0.3697120784521117, 
                  0.058675518250754656, 0.07434150614907285, 0.3697120784521117, 0.3697120784521117, 0.3697120784521117, 0.25365612825262046, 0.12634752301037058, 0.05020293546717015, 
                  0.21637084846455432, 0.04478998441880666, 0.04104736262663581, 0.08108591712189041, 0.08428656421712845, 0.08428656421712845, 0.08428656421712845, 0.08428656421712845, 
                  0.08428656421712845, 0.08428656421712845, 0.08428656421712845, 0.08428656421712845, 0.09567838118691377, 0.09567838118691377, 0.09567838118691377, 0.09567838118691377, 
                  0.09567838118691377, 0.09567838118691377, 0.0951619684199731, 0.0951619684199731, 0.0951619684199731, 0.04859407840515798, 0.0458136972404854, 0.0458136972404854, 
                  0.029575539132766348, 0.029575539132766348, 0.029575539132766348, 0.144855904852164, 0.04162092291077944, 0.05840375863854227, 0.10395202882953236, 0.055570091275396666, 
                  0.12626998773027362, 0.12626998773027362, 0.1571508070465051, 0.08631360209759191, 0.07848539618365791, 0.07848539618365791, 0.07112047129094079, 0.05099805822003709, 
                  0.05099805822003709, 0.03682192154047465, 0.03685551501342504, 0.17284227964844084, 0.30159818437704267, 0.0376552713487679, 0.0376552713487679, 0.03900912692185556, 
                  0.03900912692185556, 0.03900912692185556, 0.1532097134716159, 0.039880472106451306, 0.0631353413838225, 0.0631353413838225, 0.0631353413838225, 0.0631353413838225, 
                  0.0631353413838225, 0.041149146988356734, 0.02915967510555301, 0.050243324861085195, 0.047546579860102876, 0.047546579860102876, 0.047546579860102876, 0.05249130739927518, 
                  0.05282399862104586, 0.04801549840666544, 0.04801549840666544, 0.04801549840666544, 0.04801549840666544, 0.04801549840666544, 0.04801549840666544, 0.051212129730424355, 
                  0.0315758566876187, 0.05580354660580816, 0.03978934498442499, 0.07248676031033882, 0.33470258269709097, 0.037254775370099684, 0.037254775370099684, 0.0691711231433235, 
                  0.03749641669621863, 0.04057072144261339, 0.09155626898996552, 0.09155626898996552, 0.09155626898996552, 0.10451701698609554, 0.035641979762982993, 0.035641979762982993, 
                  0.035641979762982993, 0.0794845510182143, 0.038891047795094336, 0.03218277876558892, 0.044084289807724865, 0.04393300333988625, 0.044657695639119296, 0.05830900187690981, 
                  0.03674276450651111, 0.04065072796669752, 0.06110722233411466, 0.06110722233411466, 0.03694247191122303, 0.03694247191122303, 0.03529654618940355, 0.03529654618940355, 
                  0.042633515134515985, 0.04776876013982298, 0.061383847207926764, 0.07654925374609697, 0.1532097134716159, 0.1532097134716159, 0.1532097134716159, 0.13066277837018989, 
                  0.05019204654835174, 0.029220143356863695, 0.14041840014135515, 0.14041840014135515, 0.050712011728523965, 0.0425243942672082, 0.48510411350917887, 0.27888629373947404, 
                  0.03831154108010661, 0.03831154108010661, 0.04044059500141479, 0.04044059500141479, 0.04044059500141479, 0.041017244340542366, 0.041017244340542366, 0.041017244340542366, 
                  0.12116331648356808, 0.12116331648356808, 0.047059899247382644, 0.16386618090247357, 0.027746895808646636, 0.03409922847762721, 0.08294846282445889, 0.06673733394784934, 
                  0.09408836736030367, 0.0698716435873072, 0.0698716435873072, 0.15865618076655516, 0.084875338097068, 0.084875338097068, 0.07068213438871927, 0.08133443159534862, 
                  0.04219780392903082, 0.09105568762981754, 0.1405635084992259, 0.1498560809282981, 0.04458842358110438, 0.03384538538432169, 0.05700464840993984, 0.062448103876269756, 
                  0.07640476319922304, 0.044947217317489366, 0.05074498739047756, 0.05672941361087051, 0.06391046250566841, 0.05958771618751305, 0.05290493186162516, 0.056319032656253674, 
                  0.05205845356965016, 0.061480843534422576, 0.061480843534422576, 0.061480843534422576, 0.07639163471554129, 0.04089260097194026, 0.01710757263294984, 0.06372380635826365, 
                  0.0816885145228831, 0.0816885145228831, 0.06372380635826365, 0.11347805658901607, 0.11347805658901607, 0.0816885145228831, 0.040688337211127024, 0.06463808940713621, 
                  0.05574670799410361, 0.05574670799410361, 0.03922698252459814, 0.06414013374372458, 0.04471569264644283, 0.04471569264644283, 0.053352149796925534, 0.05207922746441718, 
                  0.043231092821159785, 0.043231092821159785, 0.05207922746441718, 0.06833769610865566, 0.06833769610865566, 0.06833769610865566, 0.06833769610865566, 0.06833769610865566,
                  0.17398005582540169, 0.03336380171232496, 0.04176255608179323, 0.04471878170142678, 0.05380044890147027, 0.049629761314899504, 0.05354807310928211, 0.06527119122609534, 
                  0.052824307526544254, 0.024965201795605883, 0.05687560313798562, 0.05687560313798562, 0.02708591526845741, 0.11622013347188775, 0.11622013347188775, 0.03991244382553512, 
                  0.13779772311935246, 0.045051164017699055, 0.05490223758786818, 0.047088936364231705, 0.042124747778660564, 0.09689052636261306, 0.09689052636261306, 0.7333732387753009, 
                  0.07032596634907064, 0.03684037864400371, 0.04851885991629897, 0.1005410943162624, 0.05374113904577856, 0.0450970364842106, 0.0450970364842106, 0.0450970364842106, 
                  0.04945522970830672, 0.0450970364842106, 0.0450970364842106, 0.0450970364842106, 0.07436729975818877, 0.05787290453955165, 0.1749719513807458, 0.11815805211606445, 
                  0.09424544580623717, 0.07580085294986218, 0.07580085294986218, 0.07580085294986218, 0.06628980710705058, 0.05153694386198597, 0.036656348193335304, 0.040474574606238156, 
                  0.05979769470004659, 0.0477297608206507, 0.0477297608206507, 0.05810921724582329, 0.1386844363524933, 0.1386844363524933, 0.035424973650360986, 0.03461625905556469, 
                  0.0694156218453026, 0.0694156218453026, 0.0694156218453026, 0.10112623855659582, 0.10112623855659582, 0.10112623855659582, 0.11536477414683391, 0.04101384638006003, 
                  0.06558241351572762, 0.06558241351572762, 0.04471005512109713, 0.11843606706461933, 0.04566403252651336, 0.06569508679626694, 0.11143858526224223, 0.03854630925888629, 
                  0.40005323986264824, 0.40005323986264824, 0.03575712428750947, 0.04030776563710523, 0.04030776563710523, 0.06999420184379514, 0.10228664206131403, 0.02883841338722293, 
